  0.0000000E+00   1.140000    
  0.1000000       1.140000    
  0.2000000       1.140000    
  0.3000000       1.140000    
  0.4000000       1.140000    
  0.5000000       1.140000    
  0.6000000       1.140000    
  0.7000000       1.140000    
  0.8000000       1.140000    
  0.9000000       1.140000    
   1.000000       1.140000    
   1.100000       1.140000    
   1.200000       1.140000    
   1.300000       1.140000    
   1.400000       1.140000    
   1.500000       1.140000    
   1.600000       1.140000    
   1.700000       1.140000    
   1.800000       1.140000    
   1.900000       1.140000    
   2.000000       1.140000    
   2.100000       1.140000    
   2.200000       1.140000    
   2.300000       1.140000    
   2.400000       1.140000    
   2.500000       1.140000    
   2.600000       1.140000    
   2.700000       1.140000    
   2.800000       1.140000    
   2.900000       1.140000    
   3.000000       1.140000    
   3.100000       1.140000    
   3.200000       1.140000    
   3.300000       1.140000    
   3.400000       1.140000    
   3.500000       1.140000    
   3.600000       1.140000    
   3.700000       1.140000    
   3.800000       1.140000    
   3.900000       1.140000    
   4.000000       1.140000    
   4.100000       1.140000    
   4.200000       1.140000    
   4.300000       1.140000    
   4.400000       1.140000    
   4.500000       1.140000    
   4.600000       1.140000    
   4.700000       1.140000    
   4.800000       1.140000    
   4.900000       1.140000    
   5.000000       1.140000    
   5.100000       1.140000    
   5.200000       1.140000    
   5.300000       1.140000    
   5.400000       1.140000    
   5.500000       1.140000    
   5.600000       1.140000    
   5.700000       1.140000    
   5.800000       1.140000    
   5.900000       1.140000    
   6.000000       1.140000    
   6.100000       1.140000    
   6.200000       1.140000    
   6.300000       1.140000    
   6.400000       1.140000    
   6.500000       1.140000    
   6.600000       1.140000    
   6.700000       1.140000    
   6.800000       1.140000    
   6.900000       1.140000    
   7.000000       1.140000    
   7.100000       1.140000    
   7.200000       1.140000    
   7.300000       1.140000    
   7.400000       1.140000    
   7.500000       1.140000    
   7.600000       1.140000    
   7.700000       1.140000    
   7.800000       1.140000    
   7.900000       1.140000    
   8.000000       1.140000    
   8.100000       1.140000    
   8.200000       1.140000    
   8.300000       1.140000    
   8.400001       1.140000    
   8.500000       1.140000    
   8.600000       1.140000    
   8.700000       1.140000    
   8.800000       1.140000    
   8.900001       1.140000    
   9.000000       1.140000    
   9.100000       1.140000    
   9.200000       1.140000    
   9.300000       1.140000    
   9.400001       1.140000    
   9.500000       1.140000    
   9.600000       1.140000    
   9.700000       1.140000    
   9.800000       1.140000    
   9.900001       1.140000    
   10.00000       1.140000    
   10.10000       1.146500    
   10.20000       1.153000    
   10.30000       1.159500    
   10.40000       1.166000    
   10.50000       1.172500    
   10.60000       1.179000    
   10.70000       1.185500    
   10.80000       1.192000    
   10.90000       1.198500    
   11.00000       1.205000    
   11.10000       1.211500    
   11.20000       1.218000    
   11.30000       1.224500    
   11.40000       1.231000    
   11.50000       1.237500    
   11.60000       1.244000    
   11.70000       1.250500    
   11.80000       1.257000    
   11.90000       1.263500    
   12.00000       1.270000    
   12.10000       1.276500    
   12.20000       1.283000    
   12.30000       1.289500    
   12.40000       1.296000    
   12.50000       1.302500    
   12.60000       1.309000    
   12.70000       1.315500    
   12.80000       1.322000    
   12.90000       1.328500    
   13.00000       1.335000    
   13.10000       1.341500    
   13.20000       1.348000    
   13.30000       1.354500    
   13.40000       1.361000    
   13.50000       1.367500    
   13.60000       1.374000    
   13.70000       1.380500    
   13.80000       1.387000    
   13.90000       1.393500    
   14.00000       1.400000    
   14.10000       1.406500    
   14.20000       1.413000    
   14.30000       1.419500    
   14.40000       1.426000    
   14.50000       1.432500    
   14.60000       1.439000    
   14.70000       1.445500    
   14.80000       1.452000    
   14.90000       1.458500    
   15.00000       1.465000    
   15.10000       1.471500    
   15.20000       1.478000    
   15.30000       1.484500    
   15.40000       1.491000    
   15.50000       1.497500    
   15.60000       1.504000    
   15.70000       1.510500    
   15.80000       1.517000    
   15.90000       1.523500    
   16.00000       1.530000    
   16.10000       1.536500    
   16.20000       1.543000    
   16.30000       1.549500    
   16.40000       1.556000    
   16.50000       1.562500    
   16.60000       1.569000    
   16.70000       1.575500    
   16.80000       1.582000    
   16.90000       1.588500    
   17.00000       1.595000    
   17.10000       1.601500    
   17.20000       1.608000    
   17.30000       1.614500    
   17.40000       1.621000    
   17.50000       1.627500    
   17.60000       1.634000    
   17.70000       1.640500    
   17.80000       1.647000    
   17.90000       1.653500    
   18.00000       1.660000    
   18.10000       1.666500    
   18.20000       1.673000    
   18.30000       1.679500    
   18.40000       1.686000    
   18.50000       1.692500    
   18.60000       1.699000    
   18.70000       1.705500    
   18.80000       1.712000    
   18.90000       1.718500    
   19.00000       1.725000    
   19.10000       1.731500    
   19.20000       1.738000    
   19.30000       1.744500    
   19.40000       1.751000    
   19.50000       1.757500    
   19.60000       1.764000    
   19.70000       1.770500    
   19.80000       1.777000    
   19.90000       1.783500    
   20.00000       1.790000    
   20.10000       1.796500    
   20.20000       1.803000    
   20.30000       1.809500    
   20.40000       1.816000    
   20.50000       1.822500    
   20.60000       1.829000    
   20.70000       1.835500    
   20.80000       1.842000    
   20.90000       1.848500    
   21.00000       1.855000    
   21.10000       1.861500    
   21.20000       1.868000    
   21.30000       1.874500    
   21.40000       1.881000    
   21.50000       1.887500    
   21.60000       1.894000    
   21.70000       1.900500    
   21.80000       1.907000    
   21.90000       1.913500    
   22.00000       1.920000    
   22.10000       1.926500    
   22.20000       1.933000    
   22.30000       1.939500    
   22.40000       1.946000    
   22.50000       1.952500    
   22.60000       1.959000    
   22.70000       1.965500    
   22.80000       1.972000    
   22.90000       1.978500    
   23.00000       1.985000    
   23.10000       1.991500    
   23.20000       1.998000    
   23.30000       2.004500    
   23.40000       2.011000    
   23.50000       2.017500    
   23.60000       2.024000    
   23.70000       2.030500    
   23.80000       2.037000    
   23.90000       2.043500    
   24.00000       2.050000    
   24.10000       2.056500    
   24.20000       2.063000    
   24.30000       2.069500    
   24.40000       2.076000    
   24.50000       2.082500    
   24.60000       2.089000    
   24.70000       2.095500    
   24.80000       2.102000    
   24.90000       2.108500    
   25.00000       2.115000    
   25.10000       2.121500    
   25.20000       2.128000    
   25.30000       2.134500    
   25.40000       2.141000    
   25.50000       2.147500    
   25.60000       2.154000    
   25.70000       2.160500    
   25.80000       2.167000    
   25.90000       2.173500    
   26.00000       2.180000    
   26.10000       2.180000    
   26.20000       2.180000    
   26.30000       2.180000    
   26.40000       2.180000    
   26.50000       2.180000    
   26.60000       2.180000    
   26.70000       2.180000    
   26.80000       2.180000    
   26.90000       2.180000    
   27.00000       2.180000    
   27.10000       2.180000    
   27.20000       2.180000    
   27.30000       2.180000    
   27.40000       2.180000    
   27.50000       2.180000    
   27.60000       2.180000    
   27.70000       2.180000    
   27.80000       2.180000    
   27.90000       2.180000    
   28.00000       2.180000    
   28.10000       2.180000    
   28.20000       2.180000    
   28.30000       2.180000    
   28.40000       2.180000    
   28.50000       2.180000    
   28.60000       2.180000    
   28.70000       2.180000    
   28.80000       2.180000    
   28.90000       2.180000    
   29.00000       2.180000    
   29.10000       2.180000    
   29.20000       2.180000    
   29.30000       2.180000    
   29.40000       2.180000    
   29.50000       2.180000    
   29.60000       2.180000    
   29.70000       2.180000    
   29.80000       2.180000    
   29.90000       2.180000    
   30.00000       2.180000    
   30.10000       2.180000    
   30.20000       2.180000    
   30.30000       2.180000    
   30.40000       2.180000    
   30.50000       2.180000    
   30.60000       2.180000    
   30.70000       2.180000    
   30.80000       2.180000    
   30.90000       2.180000    
   31.00000       2.180000    
   31.10000       2.180000    
   31.20000       2.180000    
   31.30000       2.180000    
   31.40000       2.180000    
   31.50000       2.180000    
   31.60000       2.180000    
   31.70000       2.180000    
   31.80000       2.180000    
   31.90000       2.180000    
   32.00000       2.180000    
   32.10000       2.180000    
   32.20000       2.180000    
   32.30000       2.180000    
   32.40000       2.180000    
   32.50000       2.180000    
   32.60000       2.180000    
   32.70000       2.180000    
   32.80000       2.180000    
   32.90000       2.180000    
   33.00000       2.180000    
   33.10000       2.180000    
   33.20000       2.180000    
   33.30000       2.180000    
   33.40000       2.180000    
   33.50000       2.180000    
   33.60000       2.180000    
   33.70000       2.180000    
   33.80000       2.180000    
   33.90000       2.180000    
   34.00000       2.180000    
   34.10000       2.180000    
   34.20000       2.180000    
   34.30000       2.180000    
   34.40000       2.180000    
   34.50000       2.180000    
   34.60000       2.180000    
   34.70000       2.180000    
   34.80000       2.180000    
   34.90000       2.180000    
   35.00000       2.180000    
   35.10000       2.180000    
   35.20000       2.180000    
   35.30000       2.180000    
   35.40000       2.180000    
   35.50000       2.180000    
   35.60000       2.180000    
   35.70000       2.180000    
   35.80000       2.180000    
   35.90000       2.180000    
   36.00000       2.180000    
   36.10000       2.180000    
   36.20000       2.180000    
   36.30000       2.180000    
   36.40000       2.180000    
   36.50000       2.180000    
   36.60000       2.180000    
   36.70000       2.180000    
   36.80000       2.180000    
   36.90000       2.180000    
   37.00000       2.180000    
   37.10000       2.180000    
   37.20000       2.180000    
   37.30000       2.180000    
   37.40000       2.180000    
   37.50000       2.180000    
   37.60000       2.180000    
   37.70000       2.180000    
   37.80000       2.180000    
   37.90000       2.180000    
   38.00000       2.180000    
   38.10000       2.180000    
   38.20000       2.180000    
   38.30000       2.180000    
   38.40000       2.180000    
   38.50000       2.180000    
   38.60000       2.180000    
   38.70000       2.180000    
   38.80000       2.180000    
   38.90000       2.180000    
   39.00000       2.180000    
   39.10000       2.180000    
   39.20000       2.180000    
   39.30000       2.180000    
   39.40000       2.180000    
   39.50000       2.180000    
   39.60000       2.180000    
   39.70000       2.180000    
   39.80000       2.180000    
   39.90000       2.180000    
   40.00000       2.180000    
   40.10000       2.180000    
   40.20000       2.180000    
   40.30000       2.180000    
   40.40000       2.180000    
   40.50000       2.180000    
   40.60000       2.180000    
   40.70000       2.180000    
   40.80000       2.180000    
   40.90000       2.180000    
   41.00000       2.180000    
   41.10000       2.180000    
   41.20000       2.180000    
   41.30000       2.180000    
   41.40000       2.180000    
   41.50000       2.180000    
   41.60000       2.180000    
   41.70000       2.180000    
   41.80000       2.180000    
   41.90000       2.180000    
   42.00000       2.180000    
   42.10000       2.180000    
   42.20000       2.180000    
   42.30000       2.180000    
   42.40000       2.180000    
   42.50000       2.180000    
   42.60000       2.180000    
   42.70000       2.180000    
   42.80000       2.180000    
   42.90000       2.180000    
   43.00000       2.180000    
   43.10000       2.180000    
   43.20000       2.180000    
   43.30000       2.180000    
   43.40000       2.180000    
   43.50000       2.180000    
   43.60000       2.180000    
   43.70000       2.180000    
   43.80000       2.180000    
   43.90000       2.180000    
   44.00000       2.180000    
   44.10000       2.180000    
   44.20000       2.180000    
   44.30000       2.180000    
   44.40000       2.180000    
   44.50000       2.180000    
   44.60000       2.180000    
   44.70000       2.180000    
   44.80000       2.180000    
   44.90000       2.180000    
   45.00000       2.180000    
   45.10000       2.180000    
   45.20000       2.180000    
   45.30000       2.180000    
   45.40000       2.180000    
   45.50000       2.180000    
   45.60000       2.180000    
   45.70000       2.180000    
   45.80000       2.180000    
   45.90000       2.180000    
   46.00000       2.180000    
   46.10000       2.180000    
   46.20000       2.180000    
   46.30000       2.180000    
   46.40000       2.180000    
   46.50000       2.180000    
   46.60000       2.180000    
   46.70000       2.180000    
   46.80000       2.180000    
   46.90000       2.180000    
   47.00000       2.180000    
   47.10000       2.180000    
   47.20000       2.180000    
   47.30000       2.180000    
   47.40000       2.180000    
   47.50000       2.180000    
   47.60000       2.180000    
   47.70000       2.180000    
   47.80000       2.180000    
   47.90000       2.180000    
   48.00000       2.180000    
   48.10000       2.180000    
   48.20000       2.180000    
   48.30000       2.180000    
   48.40000       2.180000    
   48.50000       2.180000    
   48.60000       2.180000    
   48.70000       2.180000    
   48.80000       2.180000    
   48.90000       2.180000    
   49.00000       2.180000    
   49.10000       2.180000    
   49.20000       2.180000    
   49.30000       2.180000    
   49.40000       2.180000    
   49.50000       2.180000    
   49.60000       2.180000    
   49.70000       2.180000    
   49.80000       2.180000    
   49.90000       2.180000    
   50.00000       2.180000    
   50.10000       2.180000    
   50.20000       2.180000    
   50.30000       2.180000    
   50.40000       2.180000    
   50.50000       2.180000    
   50.60000       2.180000    
   50.70000       2.180000    
   50.80000       2.180000    
   50.90000       2.180000    
   51.00000       2.180000    
   51.10000       2.180000    
   51.20000       2.180000    
   51.30000       2.180000    
   51.40000       2.180000    
   51.50000       2.180000    
   51.60000       2.180000    
   51.70000       2.180000    
   51.80000       2.180000    
   51.90000       2.180000    
   52.00000       2.180000    
   52.10000       2.180000    
   52.20000       2.180000    
   52.30000       2.180000    
   52.40000       2.180000    
   52.50000       2.180000    
   52.60000       2.180000    
   52.70000       2.180000    
   52.80000       2.180000    
   52.90000       2.180000    
   53.00000       2.180000    
   53.10000       2.180000    
   53.20000       2.180000    
   53.30000       2.180000    
   53.40000       2.180000    
   53.50000       2.180000    
   53.60000       2.180000    
   53.70000       2.180000    
   53.80000       2.180000    
   53.90000       2.180000    
   54.00000       2.180000    
   54.10000       2.180000    
   54.20000       2.180000    
   54.30000       2.180000    
   54.40000       2.180000    
   54.50000       2.180000    
   54.60000       2.180000    
   54.70000       2.180000    
   54.80000       2.180000    
   54.90000       2.180000    
   55.00000       2.180000    
   55.10000       2.180000    
   55.20000       2.180000    
   55.30000       2.180000    
   55.40000       2.180000    
   55.50000       2.180000    
   55.60000       2.180000    
   55.70000       2.180000    
   55.80000       2.180000    
   55.90000       2.180000    
   56.00000       2.180000    
   56.10000       2.180000    
   56.20000       2.180000    
   56.30000       2.180000    
   56.40000       2.180000    
   56.50000       2.180000    
   56.60000       2.180000    
   56.70000       2.180000    
   56.80000       2.180000    
   56.90000       2.180000    
   57.00000       2.180000    
   57.10000       2.180000    
   57.20000       2.180000    
   57.30000       2.180000    
   57.40000       2.180000    
   57.50000       2.180000    
   57.60000       2.180000    
   57.70000       2.180000    
   57.80000       2.180000    
   57.90000       2.180000    
   58.00000       2.180000    
   58.10000       2.180000    
   58.20000       2.180000    
   58.30000       2.180000    
   58.40000       2.180000    
   58.50000       2.180000    
   58.60000       2.180000    
   58.70000       2.180000    
   58.80000       2.180000    
   58.90000       2.180000    
   59.00000       2.180000    
   59.10000       2.180000    
   59.20000       2.180000    
   59.30000       2.180000    
   59.40000       2.180000    
   59.50000       2.180000    
   59.60000       2.180000    
   59.70000       2.180000    
   59.80000       2.180000    
   59.90000       2.180000    
   60.00000       2.180000    
   60.10000       2.180000    
   60.20000       2.180000    
   60.30000       2.180000    
   60.40000       2.180000    
   60.50000       2.180000    
   60.60000       2.180000    
   60.70000       2.180000    
   60.80000       2.180000    
   60.90000       2.180000    
   61.00000       2.180000    
   61.10000       2.180000    
   61.20000       2.180000    
   61.30000       2.180000    
   61.40000       2.180000    
   61.50000       2.180000    
   61.60000       2.180000    
   61.70000       2.180000    
   61.80000       2.180000    
   61.90000       2.180000    
   62.00000       2.180000    
   62.10000       2.180000    
   62.20000       2.180000    
   62.30000       2.180000    
   62.40000       2.180000    
   62.50000       2.180000    
   62.60000       2.180000    
   62.70000       2.180000    
   62.80000       2.180000    
   62.90000       2.180000    
   63.00000       2.180000    
   63.10000       2.180000    
   63.20000       2.180000    
   63.30000       2.180000    
   63.40000       2.180000    
   63.50000       2.180000    
   63.60000       2.180000    
   63.70000       2.180000    
   63.80000       2.180000    
   63.90000       2.180000    
   64.00000       2.180000    
   64.10000       2.180000    
   64.20000       2.180000    
   64.30000       2.180000    
   64.40000       2.180000    
   64.50000       2.180000    
   64.60000       2.180000    
   64.70000       2.180000    
   64.80000       2.180000    
   64.90000       2.180000    
   65.00000       2.180000    
   65.10000       2.180000    
   65.20000       2.180000    
   65.30000       2.180000    
   65.40000       2.180000    
   65.50000       2.180000    
   65.60000       2.180000    
   65.70000       2.180000    
   65.80000       2.180000    
   65.90000       2.180000    
   66.00000       2.180000    
   66.10000       2.180000    
   66.20000       2.180000    
   66.30000       2.180000    
   66.40000       2.180000    
   66.50000       2.180000    
   66.60000       2.180000    
   66.70000       2.180000    
   66.80000       2.180000    
   66.90000       2.180000    
   67.00000       2.180000    
   67.10000       2.180000    
   67.20000       2.180000    
   67.30000       2.180000    
   67.40000       2.180000    
   67.50000       2.180000    
   67.60000       2.180000    
   67.70000       2.180000    
   67.80000       2.180000    
   67.90000       2.180000    
   68.00000       2.180000    
   68.10000       2.180000    
   68.20000       2.180000    
   68.30000       2.180000    
   68.40000       2.180000    
   68.50000       2.180000    
   68.60000       2.180000    
   68.70000       2.180000    
   68.80000       2.180000    
   68.90000       2.180000    
   69.00000       2.180000    
   69.10000       2.180000    
   69.20000       2.180000    
   69.30000       2.180000    
   69.40000       2.180000    
   69.50000       2.180000    
   69.60000       2.180000    
   69.70000       2.180000    
   69.80000       2.180000    
   69.90000       2.180000    
   70.00000       2.180000    
   70.10000       2.180000    
   70.20000       2.180000    
   70.30000       2.180000    
   70.40000       2.180000    
   70.50000       2.180000    
   70.60000       2.180000    
   70.70000       2.180000    
   70.80000       2.180000    
   70.90000       2.180000    
   71.00000       2.180000    
   71.10000       2.180000    
   71.20000       2.180000    
   71.30000       2.180000    
   71.40000       2.180000    
   71.50000       2.180000    
   71.60000       2.180000    
   71.70000       2.180000    
   71.80000       2.180000    
   71.90000       2.180000    
   72.00000       2.180000    
   72.10000       2.180000    
   72.20000       2.180000    
   72.30000       2.180000    
   72.40000       2.180000    
   72.50000       2.180000    
   72.60000       2.180000    
   72.70000       2.180000    
   72.80000       2.180000    
   72.90000       2.180000    
   73.00000       2.180000    
   73.10000       2.180000    
   73.20000       2.180000    
   73.30000       2.180000    
   73.40000       2.180000    
   73.50000       2.180000    
   73.60000       2.180000    
   73.70000       2.180000    
   73.80000       2.180000    
   73.90000       2.180000    
   74.00000       2.180000    
   74.10000       2.180000    
   74.20000       2.180000    
   74.30000       2.180000    
   74.40000       2.180000    
   74.50000       2.180000    
   74.60000       2.180000    
   74.70000       2.180000    
   74.80000       2.180000    
   74.90000       2.180000    
   75.00000       2.180000    
   75.10000       2.180000    
   75.20000       2.180000    
   75.30000       2.180000    
   75.40000       2.180000    
   75.50000       2.180000    
   75.60000       2.180000    
   75.70000       2.180000    
   75.80000       2.180000    
   75.90000       2.180000    
   76.00000       2.180000    
   76.10000       2.180000    
   76.20000       2.180000    
   76.30000       2.180000    
   76.40000       2.180000    
   76.50000       2.180000    
   76.60000       2.180000    
   76.70000       2.180000    
   76.80000       2.180000    
   76.90000       2.180000    
   77.00000       2.180000    
   77.10000       2.180000    
   77.20000       2.180000    
   77.30000       2.180000    
   77.40000       2.180000    
   77.50000       2.180000    
   77.60000       2.180000    
   77.70000       2.180000    
   77.80000       2.180000    
   77.90000       2.180000    
   78.00000       2.180000    
   78.10000       2.180000    
   78.20000       2.180000    
   78.30000       2.180000    
   78.40000       2.180000    
   78.50000       2.180000    
   78.60000       2.180000    
   78.70000       2.180000    
   78.80000       2.180000    
   78.90000       2.180000    
   79.00000       2.180000    
   79.10000       2.180000    
   79.20000       2.180000    
   79.30000       2.180000    
   79.40000       2.180000    
   79.50000       2.180000    
   79.60000       2.180000    
   79.70000       2.180000    
   79.80000       2.180000    
   79.90000       2.180000    
   80.00000       2.180000    
   80.10000       2.180000    
   80.20000       2.180000    
   80.30000       2.180000    
   80.40000       2.180000    
   80.50000       2.180000    
   80.60000       2.180000    
   80.70000       2.180000    
   80.80000       2.180000    
   80.90000       2.180000    
   81.00000       2.180000    
   81.10000       2.180000    
   81.20000       2.180000    
   81.30000       2.180000    
   81.40000       2.180000    
   81.50000       2.180000    
   81.60000       2.180000    
   81.70000       2.180000    
   81.80000       2.180000    
   81.90000       2.180000    
   82.00000       2.180000    
   82.10000       2.180000    
   82.20000       2.180000    
   82.30000       2.180000    
   82.40000       2.180000    
   82.50000       2.180000    
   82.60000       2.180000    
   82.70000       2.180000    
   82.80000       2.180000    
   82.90000       2.180000    
   83.00000       2.180000    
   83.10000       2.180000    
   83.20000       2.180000    
   83.30000       2.180000    
   83.40000       2.180000    
   83.50000       2.180000    
   83.60000       2.180000    
   83.70000       2.180000    
   83.80000       2.180000    
   83.90000       2.180000    
   84.00000       2.180000    
   84.10000       2.180000    
   84.20000       2.180000    
   84.30000       2.180000    
   84.40000       2.180000    
   84.50000       2.180000    
   84.60000       2.180000    
   84.70000       2.180000    
   84.80000       2.180000    
   84.90000       2.180000    
   85.00000       2.180000    
   85.10000       2.180000    
   85.20000       2.180000    
   85.30000       2.180000    
   85.40000       2.180000    
   85.50000       2.180000    
   85.60000       2.180000    
   85.70000       2.180000    
   85.80000       2.180000    
   85.90000       2.180000    
   86.00000       2.180000    
   86.10000       2.180000    
   86.20000       2.180000    
   86.30000       2.180000    
   86.40000       2.180000    
   86.50000       2.180000    
   86.60000       2.180000    
   86.70000       2.180000    
   86.80000       2.180000    
   86.90000       2.180000    
   87.00000       2.180000    
   87.10000       2.180000    
   87.20000       2.180000    
   87.30000       2.180000    
   87.40000       2.180000    
   87.50000       2.180000    
   87.60000       2.180000    
   87.70000       2.180000    
   87.80000       2.180000    
   87.90000       2.180000    
   88.00000       2.180000    
   88.10000       2.180000    
   88.20000       2.180000    
   88.30000       2.180000    
   88.40000       2.180000    
   88.50000       2.180000    
   88.60000       2.180000    
   88.70000       2.180000    
   88.80000       2.180000    
   88.90000       2.180000    
   89.00000       2.180000    
   89.10000       2.180000    
   89.20000       2.180000    
   89.30000       2.180000    
   89.40000       2.180000    
   89.50000       2.180000    
   89.60000       2.180000    
   89.70000       2.180000    
   89.80000       2.180000    
   89.90000       2.180000    
   90.00000       2.180000    
   90.10000       2.180000    
   90.20000       2.180000    
   90.30000       2.180000    
   90.40000       2.180000    
   90.50000       2.180000    
   90.60000       2.180000    
   90.70000       2.180000    
   90.80000       2.180000    
   90.90000       2.180000    
   91.00000       2.180000    
   91.10000       2.180000    
   91.20000       2.180000    
   91.30000       2.180000    
   91.40000       2.180000    
   91.50000       2.180000    
   91.60000       2.180000    
   91.70000       2.180000    
   91.80000       2.180000    
   91.90000       2.180000    
   92.00000       2.180000    
   92.10000       2.180000    
   92.20000       2.180000    
   92.30000       2.180000    
   92.40000       2.180000    
   92.50000       2.180000    
   92.60000       2.180000    
   92.70000       2.180000    
   92.80000       2.180000    
   92.90000       2.180000    
   93.00000       2.180000    
   93.10000       2.180000    
   93.20000       2.180000    
   93.30000       2.180000    
   93.40000       2.180000    
   93.50000       2.180000    
   93.60000       2.180000    
   93.70000       2.180000    
   93.80000       2.180000    
   93.90000       2.180000    
   94.00000       2.180000    
   94.10000       2.180000    
   94.20000       2.180000    
   94.30000       2.180000    
   94.40000       2.180000    
   94.50000       2.180000    
   94.60000       2.180000    
   94.70000       2.180000    
   94.80000       2.180000    
   94.90000       2.180000    
   95.00000       2.180000    
   95.10000       2.180000    
   95.20000       2.180000    
   95.30000       2.180000    
   95.40000       2.180000    
   95.50000       2.180000    
   95.60000       2.180000    
   95.70000       2.180000    
   95.80000       2.180000    
   95.90000       2.180000    
   96.00000       2.180000    
   96.10000       2.180000    
   96.20000       2.180000    
   96.30000       2.180000    
   96.40000       2.180000    
   96.50000       2.180000    
   96.60000       2.180000    
   96.70000       2.180000    
   96.80000       2.180000    
   96.90000       2.180000    
   97.00000       2.180000    
   97.10000       2.180000    
   97.20000       2.180000    
   97.30000       2.180000    
   97.40000       2.180000    
   97.50000       2.180000    
   97.60000       2.180000    
   97.70000       2.180000    
   97.80000       2.180000    
   97.90000       2.180000    
   98.00000       2.180000    
   98.10000       2.180000    
   98.20000       2.180000    
   98.30000       2.180000    
   98.40000       2.180000    
   98.50000       2.180000    
   98.60000       2.180000    
   98.70000       2.180000    
   98.80000       2.180000    
   98.90000       2.180000    
   99.00000       2.180000    
   99.10000       2.180000    
   99.20000       2.180000    
   99.30000       2.180000    
   99.40000       2.180000    
   99.50000       2.180000    
   99.60000       2.180000    
   99.70000       2.180000    
   99.80000       2.180000    
   99.90000       2.180000    
   100.0000       2.180000    
